ANÁLISE DE PADRÕES NOS ERROS
================================================================================

FP_len_titulo: 75.60714285714286
FP_len_noticia: 534.7931034482758
FN_len_titulo: 73.16666666666667
FN_len_noticia: 574.2777777777778
